epoch          : 71
loss           : 4.4963724487385086e-05
val_loss       : 0.00016846820275295466